r <- 3.000000e-01
R0 <- 2
logm1 <- 2.120264e+00
logm2 <- 3.566749e-01
logprop <- 2.231436e-01
sensrate <- 1.747000e-01
