r <- 3.200000e-01
beta <- 1.600000e-01
logm1 <- 9.162907e-01
logm2 <- 9.162907e-01
logprop <- 2.302585e+00
sensrate <- 1.747000e-01
