r <- 3.200000e-01
beta <- 2.000000e-01
logm1 <- 2.302585e+00
logm2 <- 2.302585e+00
logprop <- 3.566749e-01
sensrate <- 1.747000e-01
