r <- 2.000000e-01
beta <- 5.000000e-01
logm1 <- 2.302585e+00
logm2 <- 2.302585e+00
logprop <- 2.302585e+00
sensrate <- 1.747000e-01
